genes	enzymes	shortNames	MWs	actions	k_scores	OE	minUsage	maxUsage	pUsage	foldChange	unique	conectivity	groups	priority
YBL015W	P32316	ACH1	58.71137	2	1000	2	1.5983626251494e-05	1.59864328939128e-05	1.59847851449074e-05	1.00485837418844	1	7	0	1
YDL205C	P28789	HEM3	36.67427	2	1000	2	0.00023209919728322	0.000232099197285138	0.00023209919728322	1.04585468859759	1	4	0	1
YDR044W	P11353	HEM13	37.71116	2	1000	2	0.000853321232024079	0.000853321232031082	0.000853321232024079	1.1969971255649	1	6	0	1
YDR047W	P32347	HEM12	41.34866	2	1000	2	0.000652472183164556	0.000652472183169804	0.000652472183164556	1.16133547907328	1	4	0	1
YDR232W	P09950	HEM1	59.36171	2	1000	2	0.000176366980709407	0.000176366980710865	0.000176366980709407	1.05699983586102	1	6	0	1
YDR300C	P32264	PRO1	47.16164	2	1000	2	1.08880436892978e-07	1.09283454949772e-07	1.09025675289214e-07	1.0000274840834	1	4	0	1
YEL046C	P37303	GLY1	42.81463	2	1000	2	3.77170169374908e-07	4.01976472561286e-07	3.81075111756835e-07	1.0001007404645	1	4	0	1
YER014W	P40012	HEM14	59.70226	2	1000	2	3.31197261535906e-06	3.31197261536569e-06	3.31197261535906e-06	1.0010205023756	1	4	0	1
YER065C	P28240	ICL1	62.40816	2	1000	2	7.47403130075739e-06	7.55507627196452e-06	7.5423423150429e-06	1.00245873569266	1	3	0	1
YER170W	P26364	ADK2	25.19373	2	1000	2	9.91826961844003e-07	9.95752874940781e-07	9.91899764539323e-07	1.000129731119	1	5	0	1
YFL030W	P43567	AGX1	41.90679	2	1000	2	7.53108092312291e-07	7.61235150165942e-07	7.59968762821563e-07	1.00016498792806	1	4	0	1
YGL040C	P05373	HEM2	37.73995	2	1000	2	4.68898450311983e-05	4.6889845031292e-05	4.68898450311983e-05	1.00919965006766	1	4	0	1
YMR319C	P40988	FET4	62.7913	2	1000	2	0	1.2170166713903e-09	1.21701667138786e-09	1.00000139361318	0	3	3	1
YOL086C	P00330	ADH1	36.84874	2	1000	2	6.94778428243528e-08	7.81727212803293e-08	7.73454254608194e-08	1.00001568680378	0	21	1	1
YOR176W	P16622	HEM15	44.5956	2	1000	2	4.83546957385591e-05	4.83546957386558e-05	4.83546957385591e-05	1.011232797822	1	4	0	1
YOR278W	P06174	HEM4	30.91124	2	1000	2	1.62992710971258e-08	1.62992710971584e-08	1.62992710971258e-08	1.00000359510396	1	3	0	1
YOR323C	P54885	PRO2	49.73991	2	1000	2	1.41143313106902e-08	1.4167311021855e-08	1.41331587778013e-08	1.00000462085898	1	6	0	1
YPL172C	P21592	COX10	52.14718	2	1000	2	4.39585769312282e-06	4.39585769313161e-06	4.39585769312282e-06	1.0011831037531	1	5	0	1
YER141W	P40086	COX15	54.65792	2	1000	2	5.61953457315477e-07	5.66670054388727e-07	5.66670054387593e-07	1.00016055867532	1	7	0	1
YPL262W	P08417	FUM1	53.15125	2	342.192973616357	2	2.08479131376547e-07	2.12673286093256e-07	2.08550678080152e-07	1.0000587307776	1	6	0	1
YPR074C	P23254	TKL1	73.80488	2	49.8963069879756	2	1.24209496833383e-06	1.32555669346377e-06	1.32120078671018e-06	1.00050615593941	0	10	4	1
YJL121C	P46969	RPE1	25.96689	2	10.3657015458268	2	7.99560865141172e-07	8.0706968163881e-07	8.03196151137749e-07	1.00010845379274	1	2	0	1
YLR450W	P12684	HMG2	115.69085	2	9.27079032129127	2	0	9.67125181275817e-07	9.67112533757143e-07	1.00057761762854	0	7	5	1
YML126C	P54839	ERG13	55.01283	2	9.27079032129127	2	0.000107841299063405	0.000107842731505143	0.000107841299063405	1.0314942105181	1	12	0	1
YPL028W	P41338	ERG10	41.72825	2	9.27079032129127	2	4.97252709244115e-08	5.20531463680092e-08	4.97268033330287e-08	1.00001168790524	1	6	0	1
YJL167W	P08524	ERG20	40.48289	2	9.27079032129127	2	2.71243944308142e-05	2.71246009104963e-05	2.71243944308142e-05	1.00568814963365	1	5	0	1
YMR208W	P07277	ERG12	48.45901	2	9.27079032129127	2	2.04359374506265e-06	2.04360896676206e-06	2.04359374506265e-06	1.00051133148514	1	11	0	1
YMR220W	P24521	ERG8	50.45437	2	9.27079032129127	2	1.31630057850736e-05	1.31631038411767e-05	1.31630057850736e-05	1.00343317181456	1	4	0	1
YNR043W	P32377	MVD1	44.11544	2	9.27079032129127	2	9.13349777781902e-06	9.13356724928964e-06	9.13349777781902e-06	1.00208056531357	1	6	0	1
YPL117C	P15496	IDI1	33.35113	1	9.27079032129127	2	4.98932897361006e-10	3.37986052713428e-09	4.98932897361006e-10	1.000001	1	2	0	1
YHR137W	P38840	ARO9	58.52706	2	6.14346517053967	2	8.51118557960579e-08	8.74510768827339e-08	8.58477951123872e-08	1.0000268684037	1	13	0	1
YHR163W	P38858	SOL3	27.78417	2	5.4699784033524	2	1.38416658997672e-05	1.40307079682819e-05	1.39857349514209e-05	1.00202953086816	0	5	6	1
YHR183W	P38720	GND1	53.54274	2	5.4699784033524	2	3.58720739994712e-06	3.85457121591821e-06	3.84222547104826e-06	1.00107195603203	0	6	7	1
YNL241C	P11412	ZWF1	57.5209	2	5.4699784033524	2	2.2004532341193e-07	2.21719191811155e-07	2.21013682469049e-07	1.00006649490043	1	5	0	1
YBR221C	P32473	PDB1	40.0532	2	3.57854375710931	2	3.5068065875731e-06	3.52207965196347e-06	3.51970628059138e-06	1.00072746311831	0	6	8	1
YCR053W	P16120	THR4	57.47349	2	2.95756078717109	2	4.78812765144016e-09	5.04932425049087e-09	4.82831974664777e-09	1.00000243268235	1	6	0	1
YHR025W	P17423	THR1	38.71215	2	2.95756078717109	2	4.78702635880074e-07	5.04877463270989e-07	4.82831974664777e-07	1.0001120258161	1	5	0	1
YDR158W	P13663	HOM2	39.54334	2	2.9575545845458	2	1.0291496269912e-07	1.08523971466449e-07	1.037887369403e-07	1.00002218935059	1	6	0	1
YJR139C	P31116	HOM6	38.50163	2	2.9575545845458	2	8.64974275734604e-07	9.12368858929652e-07	8.72435286531989e-07	1.00020418194825	1	7	0	1
YER052C	P10869	HOM3	58.10913	2	2.9575545845458	2	8.60519575390811e-08	9.07419090421226e-08	8.67825605697606e-08	1.00002762058495	1	4	0	1
YOR095C	Q12189	RKI1	28.25777	2	2.87513311874773	2	5.04949688021352e-06	5.08665820501704e-06	5.07100440179666e-06	1.00074492405056	1	2	0	1
YLR044C	P06169	PDC1	61.49468	2	2.84049795173435	2	4.17732344291705e-07	4.20365804154714e-07	4.18957301574147e-07	1.00013356752743	0	17	9	1
YNR001C	P00890	CIT1	53.35945	2	2.8212790235958	2	5.44149470881406e-07	7.60745857971023e-07	7.59566594563016e-07	1.00020970585558	1	7	0	1
YGL062W	P11154	PYC1	130.09827	2	2.41452651673583	2	1.02678291696113e-06	2.46860845438791e-06	2.45357558610413e-06	1.00174377749784	0	8	10	1
YAL038W	P00549	CDC19	54.54404	2	2.37006006899528	2	1.86466019251401e-06	2.01473478267132e-06	2.01385448234702e-06	1.00056673796129	0	6	11	1
YGR254W	P00924	ENO1	46.81564	2	2.20621742069886	2	1.85327443512159e-06	2.05126258314972e-06	2.04924194387742e-06	1.00049511362987	0	5	12	1
YOR283W	Q12040	YOR283W	26.17622	2	2.20621741432231	2	5.58777566447018e-07	5.69521557229829e-07	5.65822419766673e-07	1.00007728592722	1	4	0	1
YCR012W	P00560	PGK1	44.73787	2	1.17090542128066	2	8.87153325417595e-07	8.89581318848716e-07	8.87427605774845e-07	1.00020548518685	1	4	0	1
YJL052W	P00360	TDH1	35.74956	2	1.17090542128066	2	1.64182250450854e-05	1.64305421598842e-05	1.64234032479057e-05	1.00302671710385	0	8	13	1
YDR050C	P00942	TPI1	26.79508	2	1.06805095477737	2	2.48783370861221e-08	2.85041606298526e-08	2.48823465092817e-08	1.00000443398482	1	2	0	1
YMR205C	P16862	PFK2	104.61673	2	1.06130883621665	2	6.01685723544965e-07	6.0541098472504e-07	6.04844098631194e-07	1.00032689123087	1	9	0	1
YBR263W	P37292	SHM1	53.68589	0	0	0	0	1.79116211900829e-09	0	1.00000149529338	1	5	0	1
YCL040W	P17709	GLK1	55.37689	0	0	0	0	2.12451235058264e-09	0	1.00000160598588	1	6	0	1
YKL029C	P36013	MAE1	74.37529	0	0	0	0	7.98438737941375e-09	0	1.00000405868016	1	7	0	1
YKL085W	P17505	MDH1	35.64959	0	0	0	0	1.1903670697115e-07	0	1.00002285762191	1	5	0	1
YLR438W	P07991	CAR2	46.08557	0	0	0	0	1.8103174104758e-11	0	1.00000100429722	1	4	0	1
YMR246W	P47912	FAA4	77.26612	0	0	0	0	1.32143259428869e-09	0	1.00000152590815	1	48	0	1
YOR317W	P30624	FAA1	77.86529	0	0	0	0	1.29837746649174e-09	0	1.00000152072969	1	52	0	1
YOR388C	Q08911	FDH1	41.7138	0	0	0	0	9.04037900036423e-10	0	1.00000119423785	1	4	0	1
YLR446W	Q06204	YLR446W	48.96875	0	0	0	0	1.95949317924597e-09	0	1.00000149424136	1	20	0	1
YAL044C	P39726	GCV3	18.79276	0	0	0	0	1.69082830296275e-11	0	1.00000100163666	0	18	14	2
YDR019C	P48015	GCV1	44.46849	0	0	0	0	1.69082830296275e-11	0	1.00000100387275	0	18	14	2
YDR148C	P19262	KGD2	50.43011	0	0	0	0	6.00071288347606e-10	0	1.00000115587924	0	11	15	2
YER070W	P21524	RNR1	99.56021	0	0	0	0	9.72669444363521e-10	0	1.000001498801	0	24	16	2
YFR053C	P04806	HXK1	53.73784	0	0	0	0	2.20462337250523e-09	0	1.00000161022395	0	12	17	2
YGL253W	P04807	HXK2	53.9419	0	0	0	0	1.97166980451564e-09	0	1.00000154780739	0	12	17	2
YGR180C	P49723	RNR4	40.05407	0	0	0	0	2.4576798954503e-09	0	1.00000150704682	0	24	16	2
YIL066C	P21672	RNR3	97.51369	0	0	0	0	9.93307328116056e-10	0	1.00000149891374	0	24	16	2
YIL125W	P20967	KGD1	114.41496	0	0	0	0	6.00071288347606e-10	0	1.00000135364335	0	11	15	2
YJL026W	P09938	RNR2	46.14681	0	0	0	0	2.1255555425258e-09	0	1.00000150522124	0	24	16	2
YMR189W	P49095	GCV2	114.45033	0	0	0	0	1.69082830296275e-11	0	1.00000100997752	0	18	14	2
