enzNames	minUsages	maxUsages	ranges	pUsages
P33317	0	1.08527432128245e-11	1.08527432128245e-11	0
P28789	0.000124281727936053	0.000124281725763466	-2.17258744089795e-12	0.000124281727936053
P11353	0.000456926342020319	0.000456926334032722	-7.98759718307132e-12	0.000456926342020319
P32347	0.000349378073268168	0.000349378067160638	-6.10752979223958e-12	0.000349378073268168
P09950	9.44389009957785e-05	9.44389010786748e-05	8.28962549645484e-14	9.44389009957785e-05
P48360	0	7.84942451164243e-12	7.84942451164243e-12	0
P40012	1.77345585134202e-06	1.77345585687822e-06	5.5361969671005e-15	1.77345585134202e-06
P05373	2.51080186030113e-05	2.51080186250499e-05	2.20386453227486e-14	2.51080186030113e-05
P40988	6.34838194099416e-10	6.51665330947487e-10	1.68271368480712e-11	6.51665328913189e-10
P16622	2.58923995022567e-05	2.58923995249838e-05	2.27271340310677e-14	2.58923995022567e-05
P06174	8.72774055128285e-09	8.72774057852806e-09	2.72452167582123e-17	8.72774055128285e-09
P21592	2.35384178944678e-06	2.35384179679476e-06	7.34797990072848e-15	2.35384178944678e-06
Q12184	0	7.84941735632516e-12	7.84941735632516e-12	0
P38993	0	1.68271018722854e-11	1.68271018722854e-11	0
P47119	7.02937075422138e-10	7.10456575756794e-10	7.51950033465632e-12	7.03169118551897e-10
P40086	3.03425916624883e-07	3.0343376699756e-07	7.8503726769152e-12	3.03433766050335e-07
P33315	0	1.31567842137354e-10	1.31567842137354e-10	0
P23254	2.76187005855735e-06	2.76201553766954e-06	1.45479112195148e-10	2.76200162533972e-06
P08524	2.05831052203586e-05	2.05831048729019e-05	-3.47456631744287e-13	2.05831045327683e-05
P12684	0	7.33884717167478e-07	7.33884717167478e-07	7.33884711345285e-07
P12683	0	7.34305286237711e-07	7.34305286237711e-07	0
P54839	8.18344096633749e-05	8.18344092385673e-05	-4.24807636441836e-13	8.18344069296508e-05
P07277	1.55076286714628e-06	1.55076289277259e-06	2.56263111808429e-14	1.55076286714628e-06
P24521	9.98862933577241e-06	9.98862957872973e-06	2.42957326620444e-13	9.9886294136695e-06
P32377	6.93087318590926e-06	6.93087328605596e-06	1.00146695034269e-13	6.93087323996022e-06
P41338	3.77347377677941e-08	3.77385989976012e-08	3.8612298071225e-12	3.77347407218565e-08
P15496	3.78610774423483e-10	3.83438159823497e-10	4.82738540001421e-12	3.78610774423483e-10
	0	0	0	0
P46969	1.67909587060293e-06	1.67910895398908e-06	1.30833861527103e-11	1.67910049626321e-06
P53315	0	2.42760356855586e-10	2.42760356855586e-10	0
P53319	0	4.24016445677139e-10	4.24016445677139e-10	0
P38858	3.11572094199334e-05	3.11575961731346e-05	3.86753201167512e-10	3.11574521806797e-05
P38720	8.55929463945081e-06	8.55975821428911e-06	4.63574838296266e-10	8.5597186560019e-06
P11412	4.92373540718326e-07	4.92377060699641e-07	3.51998131493998e-12	4.92374785216825e-07
	0	0	0	0
P22133	1.16352541217512e-08	1.1639483403737e-08	4.22928198579119e-12	1.16355306171016e-08
P32473	2.96268951011842e-06	2.9627241377922e-06	3.46276737782178e-11	2.96272384247793e-06
P16387	2.96268951011842e-06	2.9627241377922e-06	3.46276737782178e-11	2.96272384247793e-06
P16451	2.96268951011842e-06	2.9627241377922e-06	3.46276737782178e-11	2.96272384247793e-06
P12695	2.96268951011842e-06	2.9627241377922e-06	3.46276737782178e-11	2.96272384247793e-06
P43635	0	3.56745078865089e-10	3.56745078865089e-10	0
P00890	4.73357717872962e-07	4.73714608718392e-07	3.56890845430128e-10	4.73714462626429e-07
P17505	0	4.61640065038024e-12	4.61640065038024e-12	0
	0	0	0	0
	0	0	0	0
	0	0	0	0
Q12189	1.25927452441618e-05	1.25928225849121e-05	7.73407502524157e-11	1.2592772588172e-05
P00549	2.21643931537954e-05	2.21646416723325e-05	2.48518537159962e-10	2.21646405408429e-05
P52489	0	2.47387044273156e-10	2.47387044273156e-10	0
P32327	0	2.3676409022947e-09	2.3676409022947e-09	0
P11154	5.18310435351952e-06	5.1854737775398e-06	2.36942402027396e-09	5.1854719847781e-06
P00925	0	4.95960784303122e-12	4.95960784303122e-12	0
P00950	0	1.69333709761623e-11	1.69333709761623e-11	0
P42222	0	3.24964019909687e-10	3.24964019909687e-10	0
P0CX10	0	3.15476243768839e-10	3.15476243768839e-10	0
P0CX11	0	3.15476243768839e-10	3.15476243768839e-10	0
P00924	2.25083926579818e-05	2.25087210682063e-05	3.28410224538435e-10	2.25087176291708e-05
Q12040	6.21493870833672e-06	6.21495656815178e-06	1.78598150596623e-11	6.21495041755986e-06
P53615	0	6.47650471820299e-12	6.47650471820299e-12	6.47651609885802e-12
P00560	9.72382544166744e-06	9.72382993471512e-06	4.49304768297156e-12	9.72382633598457e-06
P00359	0	6.56386197315229e-12	6.56386197315229e-12	0
P00360	0.000179956432841976	0.000179956458444923	2.5602947144104e-11	0.000179956449392897
P00358	0	1.05506191704138e-11	1.05506191704138e-11	0
P36148	3.64435661110569e-05	3.64436465321072e-05	8.04210502784231e-11	3.64436446742911e-05
Q00055	2.9581751612882e-08	2.96068024633219e-08	2.50508504398805e-11	2.96063212063658e-08
P41911	0	2.45694777344451e-11	2.45694777344451e-11	0
P32784	0	7.85626003833755e-11	7.85626003833755e-11	0
P28274	0	8.06606726519515e-10	8.06606726519515e-10	0
P38627	1.61849054462138e-07	1.62656507263223e-07	8.07452801085182e-10	1.62655659184796e-07
Q04728	6.01787479473155e-07	6.01790844255427e-07	3.36478227211715e-12	6.01787479473155e-07
P18544	6.81153384385578e-06	6.81153581233982e-06	1.96848404581068e-12	6.81153384385578e-06
	0	0	0	0
Q01217	2.74232557800454e-06	2.74232637052018e-06	7.92515635873682e-13	2.74232557800454e-06
P07991	0	0	0	0
P47912	0	2.17883303818424e-12	2.17883303818424e-12	0
P30624	0	2.15495926188671e-12	2.15495926188671e-12	0
P21524	0	1.63023454564058e-12	1.63023454564058e-12	0
P21672	0	1.66472083260403e-12	1.66472083260403e-12	0
P09938	0	3.55052615709749e-12	3.55052615709749e-12	0
P49723	0	4.10160141385649e-12	4.10160141385649e-12	0
P40054	0	3.28570569894653e-08	3.28570569894653e-08	0
P42941	5.19102885322454e-08	5.19103371292324e-08	4.85969869836413e-14	5.19103167728569e-08
P33330	1.67620243383786e-05	1.6762040030469e-05	1.56920903612227e-11	1.67620334573502e-05
P40510	0	1.34201496185344e-07	1.34201496185344e-07	1.34201443558946e-07
Q04396	4.26407564741126e-09	4.26483742768053e-09	7.61780269273733e-13	4.26428687967987e-09
P37291	1.649069673468e-06	1.6490742704431e-06	4.5969751019426e-12	1.64907118722412e-06
P07245	3.33436015330139e-08	3.33473098110256e-08	3.70827801169559e-12	3.33436276553976e-08
Q08911	0	1.18059264348624e-12	1.18059264348624e-12	0
P37292	0	2.99890912052106e-12	2.99890912052106e-12	0
P36013	4.48316135073175e-07	4.48334266303362e-07	1.81312301865695e-11	4.48334044526768e-07
